0.0421463
0.03113815
0.02757052
0.02179092
0.01936028
0.0206681
0.02096256
0.02182266
0.02198016
0.02020448
0.0212842
0.02053692
0.0201701
0.0214528
0.021589
0.02031213
0.01879133
0.01916977
0.02033818
0.01992845
0.0193603
0.02024862
0.02026162
0.02176089
0.02188666
0.02439556
0.02452397
0.02181345
0.02022706
0.01882586
0.02079293
0.02162308
0.02125115
0.01890031
0.02067536
0.01917966
0.02321346
0.02202604
0.02039374
0.01971228
0.01904257
0.01875868
0.01894551
0.0209382
0.02024145
0.01977626
0.0203873
0.02155086
0.02035097
0.01859721
0.01787408
0.01999893
0.02110531
0.01903971
0.01826619
0.01898568
0.02146178
0.02159671
0.02066421
0.02027046
0.02076549
0.02083196
0.02202029
0.02080559
0.02086474
0.02128571
0.02456449
0.02138728
0.02173331
0.02185993
0.02130947
0.02083063
0.02269765
0.01966093
0.01885144
0.01842801
0.01827744
0.01864685
0.01995786
0.02106965
0.02153198
0.01924204
0.01895443
0.02166921
0.01907448
0.02052044
0.02063619
0.02004125
0.01964624
0.0218147
0.02256294
0.02122688
0.0202668
0.02199628
0.02272051
0.01946376
0.02031325
0.02104197
0.02494245
0.02408066
0.02357983
0.02239536
0.02070066
0.02163713
0.02024543
0.02107471
0.02239634
0.02191929
0.02462437
0.02299092
0.02153884
0.02124165
0.01958085
0.02145905
0.01943065
0.01816821
0.01974831
0.02039719
0.02481769
0.02225997
0.02342655
0.02058911
0.01924821
0.02052741
0.02177833
0.0204762
0.0213397
0.02096331
0.02033594
0.02063784
0.02052416
0.01844456
0.01788843
0.01723692
0.01955956
0.01961413
0.0187062
0.02118405
0.01923138
0.02007082
0.02324093
0.02343844
0.02318305
0.02083356
0.02235171
0.02458829
0.02234409
0.02058758
0.02161494
0.02445095
0.02239141
0.02277703
0.02263389
0.02164511
0.01997002
0.02097133
0.02210341
0.02105893
0.02131864
0.02179982
0.02233479
0.02201299
0.02228285
0.02181175
0.02421197
0.02438306
0.02023165
0.01791436
0.01905073
0.02008311
0.02179823
0.02247732
0.02228882
0.02270356
0.02280765
0.02355758
0.02197144
0.02287438
0.02050568
0.0224703
0.02206969
0.02184356
0.02026477
0.02221514
0.02010479
0.02064363
0.01918185
0.0202147
0.01937115
0.02072072
0.01933377
0.01886541
0.02177296
0.02230387
0.02273102
0.02281833
0.02087785
0.01879339
0.02055166
0.01986932
0.01762223
0.01851167
0.01777681
0.01875372
0.02423141
0.02328296
0.02285239
0.02305986
0.019518
0.018838
0.02048511
0.02133806
0.02376111
0.02278041
0.0221995
0.02367591
0.02353711
0.0223311
0.02236811
0.02159013
0.01915863
0.01990108
0.02089044
0.02486194
0.0223061
0.01975272
0.02310871
0.02330332
0.02281282
0.02321777
0.02408908
0.02132493
0.02176153
0.0215721
0.02192252
0.02237995
0.02072981
0.02213017
0.02527733
0.02291376
0.02317285
0.02419188
0.0243861
0.02224561
0.02197442
0.02241593
0.02171459
0.02116084
0.02206866
0.02105343
0.02110957
0.02067289
0.02023078
0.01956405
0.01962712
0.02082425
0.01941539
0.01741718
0.01732394
0.01976789
0.02184899
0.01861362
0.02037894
0.02162101
0.01897475
0.01902897
0.01896837
0.01975564
0.01937253
0.02254401
0.02249668
0.02094041
0.01984641
0.02046163
0.02054145
0.01932601
0.01951657
0.01932536
0.02000256
0.02081614
0.01954324
0.02132631
0.01949554
0.02083618
0.01870388
0.01943335
0.02009761
0.02185179
0.02068178
0.02056086
0.02115605
0.02206409
0.02188427
0.02076901
0.02021736
0.02136405
0.021553
0.02288371
0.02686457
0.02501218
0.02326487
0.02095792
0.02129038
0.02137498
0.02057635
0.02148166
0.02174787
0.0195482
0.02251106
0.02311838
0.02058853
0.02060321
0.01834853
0.02209496
0.02337568
0.02194193
0.02156753
0.02220959
0.02510163
0.02377301
0.02211326
0.02163463
0.02252482
0.02285574
0.02486747
0.02346422
0.02216918
0.02542054
0.02579649
0.02371958
0.02239038
0.01991068
0.02012977
0.02043691
0.02093141
0.02313315
0.02506483
0.02419069
0.02458733
0.02216777
0.02199009
0.02334801
0.02534113
0.02315992
0.0222609
0.02370277
0.02504484
0.02324748
0.02237913
0.01920218
0.02015256
0.01789047
0.01802785
0.01709706
0.01871007
0.02094051
0.02259637
0.02339536
0.0222286
0.02307062
0.02012215
0.01961998
0.01975981
0.02105598
0.0207194
0.02114402
0.0201791
0.0219059
0.02162662
0.02326925
0.02342088
0.02353187
0.02213762
0.02234139
0.02076581
0.02162109
0.02553865
0.02178626
0.02077606
0.02239111
0.02199533
0.02461963
0.02318483
0.02197215
0.02088991
0.02232538
0.02177241
0.02153501
0.02196
0.02198259
0.0227519
0.0221102
0.01951514
0.0203248
0.01905888
0.01911225
0.01995063
0.02090472
0.02137679
0.0222252
0.02312958
0.02388296
0.02287429
0.02322396
0.02010423
0.0202232
0.02083169
0.02489282
0.02027302
0.02107274
0.02239054
0.02017611
0.02124396
0.02287994
0.02349901
0.02148462
0.02276235
0.02227723
0.01959711
0.0203676
0.02046897
0.01995231
0.02074466
0.01892701
0.02009254
0.0213597
0.01935582
0.01820773
0.01726245
0.01660923
0.01734846
0.02027037
0.02024647
0.02259145
0.02240154
0.02192575
0.02154073
0.02053091
0.02145427
0.02139467
0.02275382
0.02338389
0.02472372
0.02315525
0.02268774
0.02009557
0.02187088
0.02354469
0.02347553
0.02353388
0.02353663
0.02155417
0.02206301
0.02337229
0.02132467
0.02093497
0.02188824
0.02060143
0.0190461
0.02098192
0.0223612
0.02343747
0.0224632
0.02240137
0.02190619
0.01930842
0.02040659
0.02181891
0.01918298
0.02020529
0.02145667
0.02214621
0.02131915
0.0218096
0.02126044
0.02299409
0.02003335
0.02127644
0.02019412
0.02335519
0.02331666
0.02425528
0.02376653
0.02427353
0.02066907
0.02325146
0.02308674
0.02167265
0.01864335
0.02034762
0.02116249
0.02228868
0.0211905
0.02318755
0.02155157
0.02105093
0.02147621
0.02161871
0.02073456
0.02038107
0.02085062
0.02014521
0.01957462
0.01932576
0.0194007
0.01970039
0.01861141
0.01902994
0.02066498
0.02173508
0.0232531
0.02234673
0.02324308
0.02145433
0.02175247
0.02243368
0.0223166
0.01854274
0.02019148
0.02205141
0.02102395
0.01996266
0.02265898
0.01952448
0.01985908
0.01883471
0.0184871
0.02288787
0.02001767
0.0214646
0.02244666
0.02426208
0.02348834
0.0214913
0.02064571
0.02159964
0.02150301
0.01963774
0.02077169
0.01953479
0.01872744
0.02095585
0.0202843
0.02056517
0.02227155
0.02127502
0.02357739
0.02166051
0.0221862
0.0231976
0.02321596
0.02090536
0.02268554
0.02170381
0.01967144
0.0191699
0.02060364
0.01933698
0.02326559
0.021779
0.02122732
0.02105247
0.01992423
0.02141967
0.02132669
0.02052673
0.02130535
0.02246971
0.02376858
0.02231959
0.02499218
0.02375302
0.02174217
0.02355169
0.02174761
0.02178088
0.02074508
0.02051059
0.02211148
0.02209435
0.02240229
0.02121563
0.01931306
0.02039421
0.02167683
0.02360488
0.02229538
0.02292472
0.02105455
0.02162333
0.02126727
0.02069089
0.02034648
0.01727688
0.02267914
0.02342593
0.02436896
0.0220321
0.01989964
0.02015698
0.02145044
0.01971327
0.02175808
0.01950157
0.02028329
0.02113939
0.02084013
0.02000299
0.02038
0.02030069
0.02123837
0.02416965
0.02382765
0.02365141
0.02182377
0.02078518
0.02224432
0.02112064
0.02193982
0.02238036
0.02373074
0.02203399
0.02130785
0.02338067
0.02456234
0.02335237
0.02190286
0.02079543
0.02072919
0.02054924
0.0216618
0.01982007
0.02078331
0.0209602
0.02317587
0.02268081
0.02039428
0.02009058
0.01869015
0.02007067
0.01988701
0.01992268
0.02036763
0.02317578
0.02185167
0.01915365
0.02096353
0.0222173
0.02204038
0.02249928
0.02059285
0.02150312
0.02095751
0.02000564
0.0197118
0.01913436
0.02164471
0.02116248
0.02251422
0.02267442
0.02173322
0.0222217
0.02373657
0.02096702
0.02093977
0.02092595
0.01834183
0.02142265
0.02332915
0.02446159
0.02099031
0.0189786
0.01990231
0.01800133
0.01868851
0.02058606
0.02364006
0.02277127
0.02076112
0.02128884
0.02352701
0.02677989
0.02526842
0.02460526
0.02244498
0.02159057
0.02142964
0.02034332
0.02113983
0.01956708
0.02101193
0.02036652
0.02103701
0.01952947
0.02135527
0.02026447
0.01907284
0.01854828
0.01991163
0.02237955
0.02081175
0.01992696
0.02214609
0.02185868
0.02167172
0.02384733
0.02176411
0.02073996
0.02326279
0.02399518
0.02218931
0.021075
0.02316182
0.02461898
0.02215476
0.024567
0.02329476
0.02147338
0.02290348
0.02223521
0.02063603
0.02111195
0.02026171
0.02139946
0.02008114
0.0188034
0.02196232
0.0222156
0.02140248
0.02112498
0.01887695
0.01896411
0.02090201
0.02178422
0.0241794
0.02402754
0.02414655
0.02406562
0.02424349
0.02349027
0.02274921
0.02197359
0.02044895
0.02131766
0.02253598
0.02297591
0.02258533
0.02278993
0.02315904
0.02368495
0.02297651
0.02321931
0.02572848
0.02132135
0.02043114
0.01912438
0.01982501
0.02173324
0.02025401
0.02069534
0.02342254
0.02302773
0.0219068
0.0219669
0.02218152
0.02380795
0.02057508
0.02113137
0.02218367
0.02172394
0.02208867
0.02236722
0.02004395
0.0202622
0.02072851
0.02082293
0.02051816
0.01956584
0.01947859
0.02118761
0.01874008
0.01789196
0.01612322
0.0175775
0.01912962
0.02051679
0.02018958
0.02117788
0.02027315
0.01874516
0.02184963
0.02003406
0.01982362
0.01993939
0.02084485
0.0191723
0.01927712
0.02085882
0.01967122
0.02207543
0.02111275
0.02032604
0.01985369
0.01808932
0.01950137
0.02001431
0.02082376
0.02032495
0.019464
0.02115897
0.01961595
0.02094383
0.02083812
0.0239499
0.02438569
0.02320543
0.02308878
0.02271433
0.02077181
0.02132539
0.02117031
0.02112649
0.02326558
0.02318779
0.02156678
0.02409959
0.02393084
0.02373791
0.02471274
0.02305531
0.0204473
0.02130828
0.02273041
0.01992706
0.02187717
0.02137437
0.02030344
0.02263062
0.02287282
0.019904
0.01985158
0.02033528
0.02234529
0.02304359
0.0197313
0.02092348
0.02232013
0.02145519
0.02275933
0.02479624
0.02408569
0.02415598
0.02338511
0.02393733
0.02574275
0.02424022
0.02216226
0.01899423
0.01874308
0.02000093
0.02293401
0.02109528
0.02083915
0.02268825
0.02102657
0.0236902
0.02193955
0.02293765
0.02382974
0.02535179
0.02398366
0.02295555
0.02173899
0.02218917
0.02069515
0.02151437
0.02173316
0.01774993
0.01968601
0.02000945
0.02150788
0.02242265
0.02283248
0.0233639
0.02151205
0.02271512
0.02195993
0.02130706
0.02264537
0.02238067
0.02155804
0.02166599
0.02352809
0.02147773
0.02279622
0.0213001
0.02011701
0.01941795
0.02144297
0.02187279
0.02019189
0.020473
0.02236972
0.02221902
0.02442566
0.02033698
0.01971808
0.02020122
0.02037763
0.01978611
0.01897252
0.0197521
0.02006208
0.02023238
0.0221099
0.0203362
0.01985784
0.02210643
0.01975495
0.02040806
0.02151125
0.02274069
0.02478111
0.0248785
0.02293335
0.02143242
0.01994618
0.02017613
0.01789673
0.01784884
0.02175935
0.02213303
0.01985647
0.02007879
0.02141509
0.02273778
0.01998381
0.01978512
0.02026326
0.01898346
0.01935535
0.02045475
0.01768254
0.01792183
0.02155669
0.02087417
0.02169174
0.02316463
0.02290182
0.0229213
0.01912981
0.01853879
0.01737153
0.02126617
0.0217286
0.02051754
0.01988205
0.02080182
0.0197957
0.01912881
0.02074511
0.02261033
0.02126974
0.02340609
0.02237621
0.0213857
0.02100663
0.01987483
0.0182498
0.01614633
0.01784689
0.01771987
0.01874421
0.01947812
0.01784504
0.01944012
0.0197782
0.01912342
0.01988473
0.02024135
0.0207229
0.02122003
0.02396722
0.02079872
0.02101208
0.02128103
0.02257567
0.02315403
0.0213244
0.01981492
0.02322387
0.023338
0.02306828
0.02217344
0.02234802
0.02024323
0.01975014
0.02139271
0.02012936
0.01911774
0.01987789
0.01897762
0.01776174
0.01777826
0.01764822
0.01935348
0.02305821
0.02131888
0.02151832
0.02121853
0.02308867
0.02167532
0.02190925
0.02256037
0.02051525
0.02115828
0.01886656
0.02089562
0.01970164
0.01884165
0.02035153
0.02071379
0.02141302
0.02061502
0.01937821
0.0203775
0.02236942
0.02085401
0.0197174
0.02088871
0.02533959
0.02241996
0.02403834
0.0212799
0.02265361
0.02284589
0.02050291
0.02043432
0.02201394
0.02373972
0.02144527
0.02104695
0.01903874
0.02010386
0.0221884
0.02180388
0.01994249
0.0196464
0.01898017
0.01965575
0.02250326
0.02296779
0.02071165
0.02120917
0.0213663
0.02097605
0.02053614
0.02063068
0.01840627
0.01946175
0.01929994
0.02062886
0.019991
0.01987878
0.02249108
0.01960951
0.02089387
0.02099111
0.02210163
0.0226696
0.02409406
0.02412531
0.02001696
0.02077992
0.02364176
0.02097862
0.02157398
0.01888336
0.01934145
0.02233476
0.02127297
0.01913147
0.01819347
0.01816207
0.01747149
0.0194613
0.01948429
0.02054032
0.02086597
0.02101709
0.02253469
0.02274546
0.0206206
0.02074101
0.01907649
0.0204684
0.02223106
0.021715
0.02310156
0.01921047
0.02037097
0.02041614
0.0199057
0.02020161
0.01882639
0.01841113
0.01839858
0.01831863
0.0176045
0.01883032
0.01805122
0.01846925
0.02014168
0.02274715
0.02020836
0.02406989
0.02240641
0.02352939
0.02139841
0.01970165
0.02185362
0.02081163
0.0200055
0.01981229
0.02110406
0.02252728
0.02222007
0.01939491
0.01924827
0.02106476
0.02076658
0.02358786
0.02147955
0.02218087
0.02221391
0.01961959
0.01913298
0.02045233
0.02026118
0.0222686
0.01881024
0.02124865
0.02036696
0.02039178
0.02263674
0.02317055
0.02304886
0.02317054
0.02005279
0.01994108
0.02159541
0.02087887
0.02198173
0.02184551
0.02187382
0.02008114
0.02008764
0.02044819
0.02353668
0.02093857
0.01986407
0.02070466
0.01852423
0.01861076
0.01856399
0.02036351
0.02089908
0.02125312
0.02378819
0.02230147
0.02298364
0.02105314
0.02053408
0.01995343
0.02162851
0.01895452
0.01727482
0.01901804
0.01837616
0.01751566
0.01799507
0.01985047
0.02095351
0.02000202
0.02034605
0.02098033
0.01981824
0.02012085
0.01886927
0.01915468
0.01908191
0.02148161
0.02291222
0.02370459
0.02335416
0.02257312
0.02216144
0.02375474
0.02293934
0.02252356
0.02126174
0.02030701
0.02087111
0.02295111
0.02130957
0.02281914
0.02141383
0.0238049
0.02227573
0.01945903
0.02081305
0.02383602
0.0214234
0.02156085
0.02185326
0.02240131
0.02103088
0.02158806
0.02001126
0.01785017
0.01761555
0.01832316
0.02129832
0.02394202
0.02238938
0.02244666
0.02284063
0.0194349
0.02072747
0.02036449
0.01822198
0.01803533
0.01703401
0.01960841
0.02095811
0.02305942
0.02058087
0.02010552
0.02097086
0.02258901
0.02197517
0.02092358
0.02137757
0.02213504
0.02084274
0.02053027
0.02087676
0.01948896
0.01930936
0.02082927
0.02230994
0.02166695
0.02493196
0.02105917
0.02072082
0.02026566
0.02009283
0.02015678
0.02142331
0.02189967
0.01957255
0.01830155
0.01787694
0.02029479
0.01784839
0.01887927
0.01866714
0.02036725
0.02332935
0.01999526
0.02116178
0.01907248
0.02169846
0.02099909
0.0219101
0.02261419
0.02147456
0.0195832
0.02122312
0.02229507
0.02140617
0.02032216
0.02187373
0.02202158
0.02126944
0.01822767
0.01932974
0.0191943
0.01822317
0.01867204
0.02228504
0.02193514
0.02236991
0.02082444
0.01943976
0.01936188
0.01807996
0.01727504
0.01872754
0.02163373
0.02049776
0.02139519
0.01971464
0.02082825
0.02280042
0.02352091
0.02157242
0.02356046
0.02099885
0.02219894
0.02293716
0.01989122
0.0212257
0.02331341
0.02251657
0.02111004
0.02179369
0.01962628
0.02086449
0.02175869
0.02207888
0.02208751
0.02090506
0.02311969
0.02155298
0.01944708
0.01994537
0.02091613
0.0209767
0.0237654
0.02037432
0.02141997
0.01924031
0.02046621
0.0194146
0.01940254
0.02082058
0.02090093
0.02149529
0.02115942
0.01985038
0.02004711
0.01798502
0.01867277
0.02142136
0.02136836
0.02134085
0.02049884
0.02065103
0.02132735
0.01987961
0.02302726
0.02212885
0.02193879
0.02159031
0.0202387
0.0228489
0.02645644
0.02507987
0.02148748
0.0229666
0.02105322
0.02094545
0.02135941
0.02175041
0.02300609
0.02322442
0.02025941
0.02065563
0.02176843
0.01824265
0.0195578
0.02039113
0.02342785
0.02167475
0.0220745
0.02008417
0.02359491
0.02195948
0.0208967
0.02031234
0.02220124
0.02168985
0.02193159
0.02215598
0.02179996
0.02287566
0.02118046
0.02117536
0.01897001
0.02164091
0.02309994
0.02037105
0.01975182
0.02011645
0.01970102
0.01947332
0.01920783
0.02211916
0.02079715
0.02048116
0.01912309
0.01694396
0.01802135
0.01763799
0.0190532
0.02223633
0.02310808
0.02173999
0.02268377
0.01948932
0.02055464
0.02018634
0.02295997
0.02245412
0.02080393
0.01936332
0.01859548
0.01971176
0.02112596
0.02207579
0.01857834
0.02080567
0.02155499
0.02118184
0.02145963
0.01923801
0.01870732
0.0195196
0.0190737
0.02048562
0.02038299
0.02078792
0.02003827
0.02062206
0.01985508
0.02055354
0.0208259
0.02220203
0.02271416
0.02188155
0.01977055
0.0204463
0.02184505
0.0189808
0.01994218
0.02224021
0.02125121
0.01936465
0.02143714
0.02314967
0.02078793
0.02097358
0.02063818
0.02052682
0.02131537
0.02221726
0.02306349
0.02175357
0.02330427
0.02143664
0.02274412
0.02121756
0.02075527
0.01995571
0.01633248
0.01779998
0.01957918
0.01990038
0.0203247
0.01994849
0.02041883
0.01973587
0.02358455
0.02139946
0.02050788
0.02171582
0.0208131
0.02192164
0.02094967
0.02134968
0.02076252
0.02363472
0.02149065
0.01886296
0.02135464
0.02427873
0.02342366
0.02202432
0.02205925
0.02523995
0.02335302
0.02174091
0.02099323
0.02244212
0.02159987
0.02346552
0.02082491
0.02214635
0.01987018
