0.01962969
0.01809032
0.02329699
0.02058689
0.02071501
0.01827767
0.02080597
0.01876779
0.02116635
0.02540358
0.01894378
0.01692817
0.0227017
0.02076632
0.02069139
0.01694178
0.01733999
0.01858195
0.01698808
0.01965382
0.01981944
0.02127524
0.02252729
0.01829038
0.01998309
0.01946613
0.02210981
0.01726614
0.01853275
0.01694976
0.02133815
0.0192804
0.02041205
0.01936493
0.02082671
0.02205877
0.01652659
0.0190554
0.01917953
0.01695566
0.02201066
0.01659796
0.02575447
0.01936558
0.01884789
0.01792839
0.01890022
0.02193343
0.02226595
0.02449472
0.02406399
0.01746721
0.02048889
0.02058042
0.02763331
0.02308935
0.01827247
0.0172043
0.01879339
0.02459166
0.02356228
0.01967272
0.01911339
0.01963293
0.02262716
0.0173563
0.02340256
0.02259964
0.02252575
0.01572645
0.02027428
0.01728549
0.0191401
0.02138446
0.0193202
0.01774262
0.02461909
0.01950742
0.01944408
0.02034831
0.01970296
0.0208977
0.02023949
0.02044863
0.02192774
0.01904398
0.02591458
0.01744226
0.01861799
0.02355986
0.022642
0.01926087
0.02215836
0.02592275
0.02140756
0.01730528
0.02200559
0.01763808
0.01996081
0.02038028
0.02236815
0.02016211
0.02330574
0.02566375
0.01977155
0.02350934
0.02025962
0.02021683
0.01865132
0.02013907
0.02208493
0.01955099
0.01844119
0.01997566
0.0190733
0.01763449
0.02273227
0.02450242
0.01954669
0.01887056
0.01910338
0.01901671
0.02533158
0.02065812
0.02052581
0.02368536
0.02102097
0.02549688
0.01676257
0.02184026
0.0199924
0.02548809
0.02075642
0.02363799
0.01932309
0.01770182
0.02183877
0.02325878
0.01813625
0.02036477
0.01829962
0.02087387
0.0230113
0.02275869
0.02201485
0.01940073
0.0194094
0.01777988
0.02079454
0.01946525
0.0241889
0.02355975
0.01981975
0.01695327
0.01852328
0.01869996
0.01734419
0.02347391
0.02145462
0.02177978
0.0245669
0.01818639
0.02247834
0.01530637
0.02520348
0.02235873
0.01682361
0.02594941
0.02109677
0.02065464
0.02265851
0.01929627
0.02283164
0.02204863
0.02080088
0.02184381
0.01922262
0.02278748
0.02056824
0.01992488
0.02188095
0.01953931
0.01984038
0.02504904
0.02390955
0.01578863
0.01985918
0.02082693
0.01970341
0.01608327
0.02216481
0.01699887
0.02321223
0.02236872
0.02056521
0.01978553
0.02165974
0.01981556
0.02107032
0.02052831
0.01980419
0.0213241
0.02252332
0.02072223
0.02217154
0.02712213
0.01569815
0.0135239
0.02126205
0.02538105
0.02024933
0.02204464
0.02057081
0.0239684
0.02251207
0.02513094
0.02164736
0.01977227
0.01888606
0.02191199
0.01859439
0.0192635
0.01977461
0.02138938
0.02532016
0.02490513
0.01891646
0.0176547
0.01922997
0.02512046
0.02058924
0.02200646
0.02269038
0.02046186
0.01998831
0.02553711
0.02256511
0.01911737
0.01601947
0.01964173
0.01710841
0.02039421
0.01961756
0.01960886
0.02200922
0.01856136
0.01954415
0.01745681
0.01946864
0.01939274
0.01768757
0.01908361
0.01825381
0.02163863
0.02513624
0.01997627
0.0196383
0.01800699
0.01807422
0.02315192
0.01762813
0.02151309
0.02174564
0.02553162
0.0250275
0.02476657
0.02404499
0.02491564
0.02325184
0.02325056
0.02056164
0.01863072
0.02379777
0.01859125
0.02409113
0.02231153
0.02192019
0.02062621
0.01855586
0.01738692
0.019585
0.02156103
0.02459196
0.02070051
0.02341756
0.0192972
0.01873863
0.02406962
0.01608425
0.015511
0.02000815
0.02388436
0.01691059
0.02305922
0.01847982
0.02139403
0.0192451
0.01972961
0.01890388
0.01804635
0.02195374
0.0201625
0.02194029
0.02072622
0.02607868
0.01807433
0.02299126
0.0225374
0.02048047
0.0223047
0.01991509
0.0203415
0.01630165
0.01656804
0.02444029
0.02414764
0.02058091
0.01769141
0.01712516
0.01986365
0.019652
0.02112436
0.02064672
0.02277666
0.0163327
0.02117491
0.01616962
0.01457492
0.0163831
0.0225154
0.01680076
0.02073921
0.01854594
0.01923097
0.024274
0.02221802
0.02023222
0.0274793
0.01635307
0.01792454
0.02158274
0.01707079
0.02088316
0.0203173
0.01970026
0.01984628
0.0167771
0.01861957
0.02238373
0.01970447
0.02076192
0.01587305
0.02069509
0.01921488
0.0183207
0.01835213
0.01906897
0.02012801
0.01852224
0.01872549
0.02410532
0.01853158
0.01942775
0.022088
0.0181329
0.02218743
0.02519858
0.02144293
0.01672113
0.02282238
0.01950438
0.02058694
0.01849648
0.02121903
0.02096619
0.01630086
0.01891862
0.0172993
0.01781864
0.0226201
0.02046823
0.02099065
0.02319467
0.0207533
0.02156597
0.01805275
0.02014988
0.01889656
0.01946303
0.02356444
0.02218141
0.01998533
0.01892161
0.02057142
0.01820118
0.02288692
0.01670312
0.01700422
0.01960716
0.01947959
0.0197581
0.02110256
0.02144131
0.01935555
0.02203732
0.02250643
0.01935564
0.0167256
0.0198057
0.01885393
0.02181918
0.02053948
0.01807598
0.02426622
0.02105199
0.01783931
0.0169166
0.02125838
0.02380123
0.02201987
0.02526762
0.01736423
0.0264512
0.02132049
0.01759275
0.02445223
0.02014308
0.02059721
0.02082898
0.01774916
0.02167517
0.02127073
0.02301783
0.02179697
0.02289476
0.02098946
0.01827933
0.01567592
0.01986104
0.02095795
0.02504117
0.01806764
0.02005859
0.02084961
0.01514596
0.02161546
0.01762414
0.02023848
0.0229396
0.01770283
0.02139421
0.01704711
0.01922998
0.01763012
0.01914933
0.0183411
0.02029204
0.02208073
0.01982226
0.01837191
0.02470354
0.02379354
0.0245734
0.01757268
0.01857627
0.01678216
0.01773726
0.02255414
0.0211999
0.02302875
0.02164424
0.02117774
0.02272289
0.01742273
0.01853501
0.02071774
0.01822937
0.02067073
0.02175856
0.01545354
0.01878672
0.02514968
0.01882166
0.01932106
0.01643569
0.02462773
0.02041421
0.01839952
0.01883332
0.02251659
0.0202135
0.01955513
0.01659952
0.02088597
0.02309126
0.02281441
0.01821992
0.02116859
0.01902509
0.02481807
0.02308515
0.02531077
0.02120975
0.01829644
0.01808822
0.02184416
0.02114161
0.02087919
0.02211503
0.02417387
0.0188694
0.0209572
0.02346641
0.02288214
0.01727853
0.01706475
0.02643502
0.02026213
0.02256069
0.02178748
0.02489618
0.02339828
0.01943729
0.02032691
0.02232979
0.02144506
0.01783588
0.01879441
0.02131333
0.01917776
0.02338448
0.01811867
0.01759818
0.02291467
0.02232452
0.02237215
0.01934201
0.02333495
0.0203816
0.01919662
0.01979359
0.02370098
0.02077929
0.02042105
0.02110976
0.01938148
0.02047682
0.02242256
0.01801258
0.01724287
0.02195764
0.01865072
0.02128775
0.02050005
0.01712975
0.02112712
0.02620638
0.02071455
0.02317624
0.01618119
0.02168866
0.02109875
0.02033388
0.02468342
0.01978045
0.02182745
0.01893394
0.02154043
0.01935701
0.01619351
0.02548659
0.02365729
0.02012323
0.02147447
0.02269787
0.02326126
0.02064919
0.02289082
0.0199995
0.02475477
0.01879089
0.01724371
0.01643486
0.01941114
0.02218257
0.01732344
0.02211357
0.01890625
0.02025712
0.02168443
0.02147683
0.01767462
0.01921695
0.02155793
0.0211909
0.0248002
0.01817161
0.01997938
0.01990859
0.02635853
0.02426862
0.01957427
0.02256591
0.02281172
0.01821907
0.02175089
0.02267768
0.0207504
0.01894629
0.01977328
0.02115708
0.0170494
0.01781887
0.02196065
0.01884748
0.02051375
0.0177227
0.02330935
0.01718382
0.01715599
0.02002761
0.0147971
0.02539757
0.01868766
0.02033191
0.02141703
0.02055503
0.01795583
0.02042747
0.02303652
0.01973911
0.02066057
0.01897851
0.02316055
0.02214279
0.02080199
0.02359142
0.01597418
0.01957069
0.0275402
0.02195126
0.01790406
0.01702271
0.02033086
0.0204535
0.01731125
0.02007733
0.01753169
0.02032864
0.02071988
0.01911087
0.0208459
0.02567608
0.01484708
0.02114776
0.02125394
0.02043553
0.02051008
0.02364638
0.02230933
0.02205412
0.02073104
0.01902731
0.01753306
0.02010086
0.02011505
0.0185115
0.01739318
0.01765117
0.02260656
0.017893
0.0161974
0.01999391
0.02365949
0.02267721
0.02436363
0.02089116
0.01690339
0.01952555
0.02373993
0.01771063
0.01727689
0.01750842
0.02645011
0.01974495
0.0259409
0.01893333
0.02214941
0.01991896
0.01635379
0.01697061
0.0204006
0.02069883
0.02362165
0.0192012
0.02127971
0.02132907
0.0202704
0.02260446
0.01718283
0.02108342
0.02427512
0.02144835
0.02654425
0.01870856
0.01647004
0.01885328
0.0210139
0.01725412
0.02342327
0.02042633
0.02090755
0.01693047
0.01656409
0.02484684
0.02053698
0.02118908
0.01780878
0.02311276
0.01875192
0.01798856
0.02587394
0.01664276
0.0245899
0.01911907
0.02003169
0.01720652
0.02113601
0.02200417
0.02047066
0.01780497
0.01785644
0.02276367
0.0214953
0.01885948
0.01968448
0.02166548
0.02091007
0.0245065
0.01564484
0.01994102
0.01884764
0.01960599
0.01964942
0.0230305
0.01930985
0.02289614
0.01603261
0.01889292
0.02054596
0.01978344
0.02135084
0.0277975
0.02115725
0.01891154
0.01839548
0.01698406
0.0215443
0.02322785
0.02228814
0.02309019
0.02560426
0.01974837
0.02081214
0.01964317
0.01745208
0.02248284
0.01998797
0.02531199
0.01810935
0.02732277
0.02532349
0.02089689
0.0253837
0.02659814
0.02410848
0.02578104
0.01783905
0.02405394
0.01961152
0.02030394
0.01917063
0.02434689
0.01687266
0.02183415
0.02197629
0.01850259
0.02002514
0.01934929
0.01898073
0.01867542
0.01832506
0.01704692
0.02331991
0.02159558
0.02382297
0.01971641
0.02953445
0.02243869
0.02009626
0.02530912
0.02068664
0.02276795
0.01987787
0.01932745
0.02186606
0.02303732
0.01472012
0.01930258
0.02099844
0.02301024
0.01643526
0.02173843
0.0219961
0.01500592
0.02320509
0.02081044
0.02534414
0.01831022
0.02173689
0.02083402
0.02025723
0.01903341
0.01867853
0.02251267
0.02374863
0.02262742
0.01942509
0.02385267
0.02084188
0.02263672
0.01455452
0.01752715
0.02530681
0.02037778
0.016759
0.02628174
0.02549264
0.01668615
0.02017478
0.0161405
0.02235619
0.02207929
0.02335561
0.02000003
0.01565207
0.0251509
0.02036383
0.02109524
0.02088105
0.01911126
0.02147916
0.02495583
0.02090701
0.01932789
0.01951714
0.01713188
0.02140226
0.02284138
0.01972384
0.01667595
0.02023387
0.02374505
0.02327152
0.02102717
0.01895221
0.01918247
0.02418901
0.01833806
0.01945813
0.02158949
0.01816262
0.01762828
0.01834475
0.02070506
0.02175195
0.02124273
0.02289164
0.01971989
0.02086386
0.02138945
0.02285722
0.01961623
0.02303044
0.0198116
0.02103106
0.02275722
0.02026681
0.01934826
0.01796917
0.02566677
0.02001799
0.02397046
0.02218107
0.02063839
0.0204006
0.02109715
0.01887487
0.01937212
0.01842911
0.01988814
0.0187943
0.02192878
0.02473778
0.01995107
0.0244168
0.02644359
0.01980324
0.01714257
0.01608586
0.01835181
0.02075405
0.0226132
0.02772644
0.01998058
0.02073716
0.01976215
0.01868467
0.0232635
0.01335442
0.01851194
0.01828683
0.01903706
0.01926088
0.02272738
0.02055352
0.01979834
0.02035898
0.02873022
0.02843177
0.01975786
0.02262188
0.01640435
0.01844008
0.02105914
0.02463723
0.01730941
0.01992965
0.01734129
0.01988896
0.01968945
0.02288669
0.01864523
0.01937196
0.02071206
0.01378764
0.02369392
0.01882008
0.02412163
0.02208483
0.02263135
0.01725693
0.01860406
0.02527027
0.02070706
0.01837872
0.01856108
0.02095697
0.02431883
0.01831629
0.01983638
0.02128858
0.01989779
0.02008649
0.0197233
0.02039482
0.02158811
0.01690565
0.020817
0.01928659
0.01949245
0.02009746
0.02376533
0.02090091
0.02172614
0.024745
0.01865806
0.01841554
0.01855725
0.02181595
0.02542682
0.02031421
0.02264346
0.02074461
0.02257854
0.01945912
0.01893877
0.01945958
0.0214869
0.01926326
0.01840821
0.02355916
0.0221747
0.01778068
0.02010852
0.01804946
0.02106405
0.02056468
0.02040485
0.01620361
0.02157314
0.01681998
0.01933771
0.02168811
0.0188788
0.01971186
0.02397496
0.0206791
0.01943301
0.01977132
0.02416327
0.02291823
0.02047317
0.02507702
0.02309661
0.02427926
0.01833847
0.01926863
0.02264926
0.01935758
0.02095386
0.0217261
0.02075771
0.02157959
0.02348895
0.01957389
0.01663897
0.01832957
0.02120984
0.02498426
0.02523569
0.02435323
0.01811202
0.02345101
0.02080338
0.02360701
0.01599038
0.01607367
0.01996794
0.02147548
0.02461407
0.02102545
0.02719224
0.01743708
0.02053927
0.02196268
0.0250775
0.01998718
0.01817918
0.01949041
0.02142845
0.02022915
0.02517934
0.01837343
0.01955545
0.02231929
0.02123271
0.01872192
0.02608957
0.02041972
0.02052818
0.01536665
0.01517396
0.02157798
0.02252027
0.0257602
0.02253012
0.01828083
0.01833651
0.01774717
0.02051008
0.02003465
0.02214438
0.02371748
0.0199168
0.0167123
0.02001902
0.01852862
0.02153139
0.02489951
0.02210208
0.02192852
0.02324974
0.01713769
0.01474289
0.02182502
0.02036582
0.02163167
0.02127938
0.02068103
0.01797831
0.02261323
0.01887388
0.01905143
0.02300517
0.02343654
0.02007244
0.02074995
0.01524312
0.02008472
0.02210231
0.02093778
0.02202702
0.02337296
0.02338928
0.01325822
0.02087868
0.01744161
0.02199974
0.02116366
0.02482459
0.02153283
0.01811046
0.02000196
0.020696
0.01834191
0.01962152
0.01909152
0.01872154
0.01943022
0.02281882
0.02265937
0.02313761
0.01847354
0.01978797
0.02007645
0.02241609
0.01634315
0.02253257
0.02082235
0.0227056
0.02433919
0.0262158
0.01761029
0.02112992
0.01874188
0.0166971
0.02081652
0.02100469
0.02170612
0.02516166
0.02191298
0.01953335
0.02461504
0.01968629
0.01821078
0.01959311
0.0202685
0.02055248
0.02450435
0.02009672
0.01910081
0.02028175
0.02274833
0.02456981
0.01692169
0.01570013
0.01561454
0.02333867
0.02171039
0.02099793
0.01903183
0.02054983
0.01909041
0.01795465
0.02513667
0.0212427
0.02044454
0.01482276
0.02535264
0.02135525
0.01956544
0.0205736
0.01988749
0.01767795
0.0195096
0.02025994
0.01866935
0.01945678
0.02207662
0.02069633
0.01948417
0.01962976
0.01883156
0.01957278
0.01930895
0.02133839
0.01815216
0.02057875
0.02216334
0.02524284
0.01973999
0.01941508
0.02594459
0.02188929
0.01842412
0.01692091
0.01792861
0.02039077
0.02434764
0.01899381
0.02226066
0.01774213
0.02281242
0.01990638
0.01826356
0.02210398
0.01686835
0.02723538
0.01573055
0.02619975
0.01937729
0.0175551
0.02322329
0.02369364
0.01865536
0.01986312
0.02012105
0.02402883
0.02757649
0.02296917
0.02129011
0.02009371
0.02478752
0.02032509
0.02208964
0.02212201
0.02472678
0.01939854
0.02254378
0.020491
0.020047
0.02083336
0.0197707
0.02166553
0.02030167
0.02328277
0.0206709
0.021719
0.02141106
0.02283571
0.02123009
0.02019035
0.02394828
0.02318264
0.01670301
0.01915326
0.01765141
0.01800155
0.01974201
0.01389414
0.01558791
0.02195549
0.02256896
0.02209833
0.02183303
0.01720287
0.01893302
0.02043729
0.02192404
0.02213514
0.01971776
0.02740366
0.0203229
0.01806674
0.02104781
0.01934048
0.02072439
0.01707137
0.0206638
0.02058384
0.02076723
0.02077067
0.02093793
0.02102786
0.02198704
0.01918878
0.02083203
0.01662649
0.01979101
0.02057804
0.01891685
0.02073514
0.02464655
0.02197129
0.01970419
0.02052951
0.01827078
0.02025291
0.02494757
0.02196562
0.02515848
0.01824378
0.02302049
0.02169898
0.01651613
0.02346326
0.01875957
0.02359559
0.01917441
0.02134285
0.02156167
0.02672947
0.02192372
0.02033974
0.02178006
0.01888702
0.02437522
0.0216123
0.0213574
0.02270521
0.02561395
0.0225443
0.01914257
0.01980247
0.01573403
0.02130437
0.01849488
0.01800165
0.01967878
0.02277392
0.0176476
0.01983538
0.01853957
0.01786002
0.02272613
0.02463743
0.01941149
0.02009072
0.01888219
0.02504926
0.02278418
0.02096044
0.02038461
0.02232167
0.01994275
0.02441705
0.0220949
0.0197538
0.02635628
0.02138991
0.01984629
0.01761706
0.01787414
0.02346676
0.02173547
0.02133628
0.02209834
0.02103168
0.02619001
0.01872297
0.02065032
0.01863396
0.0201137
0.02354473
0.02672321
0.02363149
0.0178973
0.02099142
0.02164436
0.02197482
0.01937551
0.0209884
0.02054459
0.01774628
0.02184316
0.02108026
0.01930234
0.02165056
0.01813648
0.01730197
0.02135126
0.02499371
0.01457553
0.02140336
0.01895905
0.02800085
0.02922132
0.01748375
0.02527262
0.02139772
0.02187976
0.01772523
0.01924711
0.02431343
0.02417164
0.0199127
0.02061701
0.01830063
0.02350228
0.02322704
0.02053722
0.02360028
0.02029738
0.02255888
0.01708006
0.0282283
0.01913331
0.01755413
0.01812078
0.02019259
0.01780449
0.024407
0.01821838
0.02080195
0.0241866
0.02148752
0.01834519
0.02396833
0.02280582
0.02371113
0.02358052
0.02454974
0.02030017
0.01732359
0.01670276
0.02197678
0.02229125
0.02148447
0.02144681
0.02295454
0.02507476
0.02127626
0.01963932
0.01900628
0.02483535
0.02068524
0.01647837
0.02242088
0.01921566
0.01887007
0.02134495
0.01745428
0.01962974
0.01950291
0.02027286
0.02265498
0.01940841
0.01544859
0.02037528
0.02545734
0.0200854
0.01980727
0.01916858
0.0193895
0.01943097
0.02294748
0.01888947
0.02562127
0.01876249
0.0232702
0.02069654
0.01964821
0.01895245
0.02113962
0.02021844
0.01972353
0.0206321
0.02155485
0.01681013
0.02271754
0.02095362
0.02274386
0.02312121
0.02244518
0.01984409
0.01996383
0.02236655
0.0196524
0.01982047
0.02081174
0.02035036
0.02055595
0.02419896
0.02128412
0.01869657
0.01816651
0.02631115
0.02070551
0.01583743
0.02351009
0.02111578
0.01816926
0.01838629
0.01740946
0.01967042
0.01763677
0.02032802
0.01953876
0.0190813
0.02080362
0.01798648
0.01898574
0.01917031
0.02309598
0.01818377
0.02367086
0.02331702
0.02175865
0.02164136
